00 1
01 0
02 0
03 0
04 1
05 0
06 0
07 1
08 0
09 0
10 2
11 0
12 1
13 0
14 0
15 0
16 0
17 0
18 0
19 1
20 1
21 3
22 3
23 4
24 5
25 2
26 2
27 2
28 4
29 0
30 2
31 3
32 3
33 6
34 7
35 10
36 3
37 7
38 6
39 9
40 10
41 4
42 10
43 8
44 8
45 10
46 9
47 6
48 12
49 12
50 13
51 9
52 13
53 10
54 16
55 13
56 9
57 13
58 9
59 13
60 9
61 19
62 11
63 17
64 12
65 9
66 17
67 19
68 11
69 15
70 17
71 14
72 13
73 13
74 15
75 12
76 13
77 10
78 8
79 17
80 8
81 10
82 14
83 15
84 16
85 13
86 7
87 12
88 12
89 8
90 14
91 13
92 5
93 12
94 9
95 8
96 5
97 5
98 8
99 6
100 7
101 5
102 10
103 6
104 6
105 7
106 3
107 1
108 9
109 5
110 7
111 9
112 6
113 3
114 2
115 7
116 5
117 3
118 2
119 4
120 3
121 0
122 4
123 1
124 2
125 3
126 2
127 2
128 1
129 2
130 1
131 0
132 0
133 1
134 1
135 0
136 0
137 1
138 0
139 0
140 0
141 0
142 0
143 0
144 0
145 0
146 0
147 0
148 1
149 0
150 1
